-51 128 
-52 -128 
-53 129 
-54 130 
-129 130 
-54 -129 
-55 -130 
-56 131 
-57 132 
-131 132 
-57 -131 
-58 -132 
-59 133 
-60 134 
-133 134 
-60 -133 
-61 -134 
51 
55 
56 
59 
-62 51 6 
-63 52 5 
-64 53 7 8 
-65 54 9 10 
-66 55 1 2 3 4 
-67 56 1 
-68 57 2 
-69 58 7 8 
-70 59 3 
-71 60 4 
-72 61 9 10 
-1 135 
-2 136 
-135 136 
-2 -135 
-3 137 
-136 137 
-3 -136 
-4 138 
-137 138 
-4 -137 
-5 139 
-138 139 
-5 -138 
-6 140 
-139 140 
-6 -139 
-7 141 
-140 141 
-7 -140 
-8 142 
-141 142 
-8 -141 
-9 143 
-142 143 
-9 -142 
-10 -143 
-62 144 
-63 -144 
-64 145 
-65 146 
-145 146 
-65 -145 
-66 -146 
-67 147 
-68 148 
-147 148 
-68 -147 
-69 -148 
-70 149 
-71 150 
-149 150 
-71 -149 
-72 -150 
-1 51 
-1 53 
-2 52 
-2 53 
-3 51 
-3 54 
-4 52 
-4 54 
-5 51 
-6 52 
-7 51 
-7 55 
-7 56 
-8 52 
-8 55 
-8 57 
-9 51 
-9 55 
-9 59 
-10 52 
-10 55 
-10 60 
-1 66 
-1 67 
-2 66 
-2 68 
-3 66 
-3 70 
-4 66 
-4 71 
-5 63 
-6 62 
-7 64 
-7 69 
-8 64 
-8 69 
-9 65 
-9 72 
-10 65 
-10 72 
-73 62 16 
-74 63 15 
-75 64 17 18 
-76 65 19 20 
-77 66 11 12 13 14 
-78 67 11 
-79 68 12 
-80 69 17 18 
-81 70 13 
-82 71 14 
-83 72 19 20 
-11 151 
-12 152 
-151 152 
-12 -151 
-13 153 
-152 153 
-13 -152 
-14 154 
-153 154 
-14 -153 
-15 155 
-154 155 
-15 -154 
-16 156 
-155 156 
-16 -155 
-17 157 
-156 157 
-17 -156 
-18 158 
-157 158 
-18 -157 
-19 159 
-158 159 
-19 -158 
-20 -159 
-73 160 
-74 -160 
-75 161 
-76 162 
-161 162 
-76 -161 
-77 -162 
-78 163 
-79 164 
-163 164 
-79 -163 
-80 -164 
-81 165 
-82 166 
-165 166 
-82 -165 
-83 -166 
-11 62 
-11 64 
-12 63 
-12 64 
-13 62 
-13 65 
-14 63 
-14 65 
-15 62 
-16 63 
-17 62 
-17 66 
-17 67 
-18 63 
-18 66 
-18 68 
-19 62 
-19 66 
-19 70 
-20 63 
-20 66 
-20 71 
-11 77 
-11 78 
-12 77 
-12 79 
-13 77 
-13 81 
-14 77 
-14 82 
-15 74 
-16 73 
-17 75 
-17 80 
-18 75 
-18 80 
-19 76 
-19 83 
-20 76 
-20 83 
-84 73 26 
-85 74 25 
-86 75 27 28 
-87 76 29 30 
-88 77 21 22 23 24 
-89 78 21 
-90 79 22 
-91 80 27 28 
-92 81 23 
-93 82 24 
-94 83 29 30 
-21 167 
-22 168 
-167 168 
-22 -167 
-23 169 
-168 169 
-23 -168 
-24 170 
-169 170 
-24 -169 
-25 171 
-170 171 
-25 -170 
-26 172 
-171 172 
-26 -171 
-27 173 
-172 173 
-27 -172 
-28 174 
-173 174 
-28 -173 
-29 175 
-174 175 
-29 -174 
-30 -175 
-84 176 
-85 -176 
-86 177 
-87 178 
-177 178 
-87 -177 
-88 -178 
-89 179 
-90 180 
-179 180 
-90 -179 
-91 -180 
-92 181 
-93 182 
-181 182 
-93 -181 
-94 -182 
-21 73 
-21 75 
-22 74 
-22 75 
-23 73 
-23 76 
-24 74 
-24 76 
-25 73 
-26 74 
-27 73 
-27 77 
-27 78 
-28 74 
-28 77 
-28 79 
-29 73 
-29 77 
-29 81 
-30 74 
-30 77 
-30 82 
-21 88 
-21 89 
-22 88 
-22 90 
-23 88 
-23 92 
-24 88 
-24 93 
-25 85 
-26 84 
-27 86 
-27 91 
-28 86 
-28 91 
-29 87 
-29 94 
-30 87 
-30 94 
-95 84 36 
-96 85 35 
-97 86 37 38 
-98 87 39 40 
-99 88 31 32 33 34 
-100 89 31 
-101 90 32 
-102 91 37 38 
-103 92 33 
-104 93 34 
-105 94 39 40 
-31 183 
-32 184 
-183 184 
-32 -183 
-33 185 
-184 185 
-33 -184 
-34 186 
-185 186 
-34 -185 
-35 187 
-186 187 
-35 -186 
-36 188 
-187 188 
-36 -187 
-37 189 
-188 189 
-37 -188 
-38 190 
-189 190 
-38 -189 
-39 191 
-190 191 
-39 -190 
-40 -191 
-95 192 
-96 -192 
-97 193 
-98 194 
-193 194 
-98 -193 
-99 -194 
-100 195 
-101 196 
-195 196 
-101 -195 
-102 -196 
-103 197 
-104 198 
-197 198 
-104 -197 
-105 -198 
-31 84 
-31 86 
-32 85 
-32 86 
-33 84 
-33 87 
-34 85 
-34 87 
-35 84 
-36 85 
-37 84 
-37 88 
-37 89 
-38 85 
-38 88 
-38 90 
-39 84 
-39 88 
-39 92 
-40 85 
-40 88 
-40 93 
-31 99 
-31 100 
-32 99 
-32 101 
-33 99 
-33 103 
-34 99 
-34 104 
-35 96 
-36 95 
-37 97 
-37 102 
-38 97 
-38 102 
-39 98 
-39 105 
-40 98 
-40 105 
-106 95 46 
-107 96 45 
-108 97 47 48 
-109 98 49 50 
-110 99 41 42 43 44 
-111 100 41 
-112 101 42 
-113 102 47 48 
-114 103 43 
-115 104 44 
-116 105 49 50 
-41 199 
-42 200 
-199 200 
-42 -199 
-43 201 
-200 201 
-43 -200 
-44 202 
-201 202 
-44 -201 
-45 203 
-202 203 
-45 -202 
-46 204 
-203 204 
-46 -203 
-47 205 
-204 205 
-47 -204 
-48 206 
-205 206 
-48 -205 
-49 207 
-206 207 
-49 -206 
-50 -207 
-106 208 
-107 -208 
-108 209 
-109 210 
-209 210 
-109 -209 
-110 -210 
-111 211 
-112 212 
-211 212 
-112 -211 
-113 -212 
-114 213 
-115 214 
-213 214 
-115 -213 
-116 -214 
-41 95 
-41 97 
-42 96 
-42 97 
-43 95 
-43 98 
-44 96 
-44 98 
-45 95 
-46 96 
-47 95 
-47 99 
-47 100 
-48 96 
-48 99 
-48 101 
-49 95 
-49 99 
-49 103 
-50 96 
-50 99 
-50 104 
-41 110 
-41 111 
-42 110 
-42 112 
-43 110 
-43 114 
-44 110 
-44 115 
-45 107 
-46 106 
-47 108 
-47 113 
-48 108 
-48 113 
-49 109 
-49 116 
-50 109 
-50 116 
112 117 
115 117 
-1 118 
-11 118 
-21 118 
-31 118 
-41 118 
-2 215 119 
-12 216 119 
-215 216 119 
-12 -215 119 
-22 217 119 
-216 217 119 
-22 -216 119 
-32 218 119 
-217 218 119 
-32 -217 119 
-42 -218 119 
-3 120 
-13 120 
-23 120 
-33 120 
-43 120 
-4 219 121 
-14 220 121 
-219 220 121 
-14 -219 121 
-24 221 121 
-220 221 121 
-24 -220 121 
-34 222 121 
-221 222 121 
-34 -221 121 
-44 -222 121 
-5 223 122 
-15 224 122 
-223 224 122 
-15 -223 122 
-25 225 122 
-224 225 122 
-25 -224 122 
-35 226 122 
-225 226 122 
-35 -225 122 
-45 -226 122 
-6 123 
-16 123 
-26 123 
-36 123 
-46 123 
-7 227 124 
-17 228 124 
-227 228 124 
-17 -227 124 
-27 229 124 
-228 229 124 
-27 -228 124 
-37 230 124 
-229 230 124 
-37 -229 124 
-47 -230 124 
-8 125 
-18 125 
-28 125 
-38 125 
-48 125 
-9 231 126 
-19 232 126 
-231 232 126 
-19 -231 126 
-29 233 126 
-232 233 126 
-29 -232 126 
-39 234 126 
-233 234 126 
-39 -233 126 
-49 -234 126 
-10 127 
-20 127 
-30 127 
-40 127 
-50 127 
