CNF:
 [14]
[16]
[17]
[11]
[94, 115]
[89, 116]
[-20, 127, 117]
[-39, 128, 117]
[-127, 128, 117]
[-39, -127, 117]
[-58, 129, 117]
[-128, 129, 117]
[-58, -128, 117]
[-77, -129, 117]
[-21, 130, 118]
[-40, 131, 118]
[-130, 131, 118]
[-40, -132, 118]
[-59, 133, 118]
[-131, 133, 118]
[-59, -134, 118]
[-78, -135, 118]
[-22, 136, 119]
[-41, 137, 119]
[-136, 137, 119]
[-41, -138, 119]
[-60, 139, 119]
[-137, 139, 119]
[-60, -140, 119]
[-79, -141, 119]
[-23, 142, 120]
[-42, 143, 120]
[-142, 143, 120]
[-42, -142, 120]
[-61, 144, 120]
[-143, 144, 120]
[-61, -143, 120]
[-80, -144, 120]
[-24, 145, 121]
[-43, 146, 121]
[-145, 146, 121]
[-43, -147, 121]
[-62, 148, 121]
[-146, 148, 121]
[-62, -149, 121]
[-81, -150, 121]
[-25, 151, 122]
[-44, 152, 122]
[-151, 152, 122]
[-44, -151, 122]
[-63, 153, 122]
[-152, 153, 122]
[-63, -152, 122]
[-82, -153, 122]
[-26, 154, 123]
[-45, 155, 123]
[-154, 155, 123]
[-45, -154, 123]
[-64, 156, 123]
[-155, 156, 123]
[-64, -155, 123]
[-83, -156, 123]
[-27, 157, 124]
[-46, 158, 124]
[-157, 158, 124]
[-46, -159, 124]
[-65, 160, 124]
[-158, 160, 124]
[-65, -161, 124]
[-84, -162, 124]
[-28, 163, 125]
[-47, 164, 125]
[-163, 164, 125]
[-47, -163, 125]
[-66, 165, 125]
[-164, 165, 125]
[-66, -164, 125]
[-85, -165, 125]
[-29, 166, 126]
[-48, 167, 126]
[-166, 167, 126]
[-48, -168, 126]
[-67, 169, 126]
[-167, 169, 126]
[-67, -170, 126]
[-86, -171, 126]
[-20, 172]
[-21, 173]
[-172, 173]
[-21, -172]
[-22, 174]
[-173, 174]
[-22, -173]
[-23, 175]
[-174, 175]
[-23, -174]
[-24, 176]
[-175, 176]
[-24, -175]
[-25, 177]
[-176, 177]
[-25, -176]
[-26, 178]
[-177, 178]
[-26, -177]
[-27, 179]
[-178, 179]
[-27, -178]
[-28, 180]
[-179, 180]
[-28, -179]
[-29, -180]
[30, -30]
[31, -31]
[32, -32]
[33, -33]
[34, -34]
[35, -35]
[36, -36]
[37, -37]
[38, -38]
[-20, 14]
[-21, 12]
[-22, 14]
[-22, 16]
[-22, 13]
[-23, 12]
[-23, 16]
[-23, 11]
[-24, 14]
[-24, 16]
[-24, 18]
[-25, 12]
[-25, 17]
[-25, 16]
[-26, 14]
[-26, 19]
[-27, 12]
[-27, 19]
[-28, 14]
[-28, 15]
[-29, 12]
[-29, 15]
[-20, 31]
[-20, -33]
[-21, 33]
[-21, -31]
[-22, -35]
[-22, 38]
[-22, -32]
[-23, -35]
[-23, 38]
[-23, -30]
[-24, -35]
[-24, 34]
[-24, -37]
[-25, -35]
[-25, 34]
[-25, -36]
[-26, -38]
[-26, 35]
[-26, 32]
[-27, -38]
[-27, 35]
[-27, 30]
[-28, 35]
[-28, 37]
[-28, -34]
[-29, 35]
[-29, 36]
[-29, -34]
[-30, 11, 27]
[30, -11, 23]
[-31, 12, 20]
[31, -12, 21]
[-32, 13, 26]
[32, -13, 22]
[-33, 14, 21]
[33, -14, 20]
[-34, 15, 25, 24]
[34, -15, 29, 28]
[-35, 16, 29, 27, 28, 26]
[35, -16, 25, 23, 22, 24]
[-36, 17, 29]
[36, -17, 25]
[-37, 18, 28]
[37, -18, 24]
[-38, 19, 23, 22]
[38, -19, 27, 26]
[-39, 181]
[-40, 182]
[-181, 182]
[-40, -181]
[-41, 183]
[-182, 183]
[-41, -182]
[-42, 184]
[-183, 184]
[-42, -183]
[-43, 185]
[-184, 185]
[-43, -184]
[-44, 186]
[-185, 186]
[-44, -185]
[-45, 187]
[-186, 187]
[-45, -186]
[-46, 188]
[-187, 188]
[-46, -187]
[-47, 189]
[-188, 189]
[-47, -188]
[-48, -189]
[49, -49]
[50, -50]
[51, -51]
[52, -52]
[53, -53]
[54, -54]
[55, -55]
[56, -56]
[57, -57]
[-39, 33]
[-40, 31]
[-41, 33]
[-41, 35]
[-41, 32]
[-42, 31]
[-42, 35]
[-42, 30]
[-43, 33]
[-43, 35]
[-43, 37]
[-44, 31]
[-44, 36]
[-44, 35]
[-45, 33]
[-45, 38]
[-46, 31]
[-46, 38]
[-47, 33]
[-47, 34]
[-48, 31]
[-48, 34]
[-39, 50]
[-39, -52]
[-40, 52]
[-40, -50]
[-41, -54]
[-41, 57]
[-41, -51]
[-42, -54]
[-42, 57]
[-42, -49]
[-43, -54]
[-43, 53]
[-43, -56]
[-44, -54]
[-44, 53]
[-44, -55]
[-45, -57]
[-45, 54]
[-45, 51]
[-46, -57]
[-46, 54]
[-46, 49]
[-47, 54]
[-47, 56]
[-47, -53]
[-48, 54]
[-48, 55]
[-48, -53]
[-49, 30, 46]
[49, -30, 42]
[-50, 31, 39]
[50, -31, 40]
[-51, 32, 45]
[51, -32, 41]
[-52, 33, 40]
[52, -33, 39]
[-53, 34, 44, 43]
[53, -34, 48, 47]
[-54, 35, 48, 46, 47, 45]
[54, -35, 44, 42, 41, 43]
[-55, 36, 48]
[55, -36, 44]
[-56, 37, 47]
[56, -37, 43]
[-57, 38, 42, 41]
[57, -38, 46, 45]
[-58, 190]
[-59, 191]
[-190, 191]
[-59, -190]
[-60, 192]
[-191, 192]
[-60, -191]
[-61, 193]
[-192, 193]
[-61, -192]
[-62, 194]
[-193, 194]
[-62, -193]
[-63, 195]
[-194, 195]
[-63, -194]
[-64, 196]
[-195, 196]
[-64, -195]
[-65, 197]
[-196, 197]
[-65, -196]
[-66, 198]
[-197, 198]
[-66, -197]
[-67, -198]
[68, -68]
[69, -69]
[70, -70]
[71, -71]
[72, -72]
[73, -73]
[74, -74]
[75, -75]
[76, -76]
[-58, 52]
[-59, 50]
[-60, 52]
[-60, 54]
[-60, 51]
[-61, 50]
[-61, 54]
[-61, 49]
[-62, 52]
[-62, 54]
[-62, 56]
[-63, 50]
[-63, 55]
[-63, 54]
[-64, 52]
[-64, 57]
[-65, 50]
[-65, 57]
[-66, 52]
[-66, 53]
[-67, 50]
[-67, 53]
[-58, 69]
[-58, -71]
[-59, 71]
[-59, -69]
[-60, -73]
[-60, 76]
[-60, -70]
[-61, -73]
[-61, 76]
[-61, -68]
[-62, -73]
[-62, 72]
[-62, -75]
[-63, -73]
[-63, 72]
[-63, -74]
[-64, -76]
[-64, 73]
[-64, 70]
[-65, -76]
[-65, 73]
[-65, 68]
[-66, 73]
[-66, 75]
[-66, -72]
[-67, 73]
[-67, 74]
[-67, -72]
[-68, 49, 65]
[68, -49, 61]
[-69, 50, 58]
[69, -50, 59]
[-70, 51, 64]
[70, -51, 60]
[-71, 52, 59]
[71, -52, 58]
[-72, 53, 63, 62]
[72, -53, 67, 66]
[-73, 54, 67, 65, 66, 64]
[73, -54, 63, 61, 60, 62]
[-74, 55, 67]
[74, -55, 63]
[-75, 56, 66]
[75, -56, 62]
[-76, 57, 61, 60]
[76, -57, 65, 64]
[-77, 199]
[-78, 200]
[-199, 200]
[-78, -199]
[-79, 201]
[-200, 201]
[-79, -200]
[-80, 202]
[-201, 202]
[-80, -201]
[-81, 203]
[-202, 203]
[-81, -202]
[-82, 204]
[-203, 204]
[-82, -203]
[-83, 205]
[-204, 205]
[-83, -204]
[-84, 206]
[-205, 206]
[-84, -205]
[-85, 207]
[-206, 207]
[-85, -206]
[-86, -207]
[87, -87]
[88, -88]
[89, -89]
[90, -90]
[91, -91]
[92, -92]
[93, -93]
[94, -94]
[95, -95]
[-77, 71]
[-78, 69]
[-79, 71]
[-79, 73]
[-79, 70]
[-80, 69]
[-80, 73]
[-80, 68]
[-81, 71]
[-81, 73]
[-81, 75]
[-82, 69]
[-82, 74]
[-82, 73]
[-83, 71]
[-83, 76]
[-84, 69]
[-84, 76]
[-85, 71]
[-85, 72]
[-86, 69]
[-86, 72]
[-77, 88]
[-77, -90]
[-78, 90]
[-78, -88]
[-79, -92]
[-79, 95]
[-79, -89]
[-80, -92]
[-80, 95]
[-80, -87]
[-81, -92]
[-81, 91]
[-81, -94]
[-82, -92]
[-82, 91]
[-82, -93]
[-83, -95]
[-83, 92]
[-83, 89]
[-84, -95]
[-84, 92]
[-84, 87]
[-85, 92]
[-85, 94]
[-85, -91]
[-86, 92]
[-86, 93]
[-86, -91]
[-87, 68, 84]
[87, -68, 80]
[-88, 69, 77]
[88, -69, 78]
[-89, 70, 83]
[89, -70, 79]
[-90, 71, 78]
[90, -71, 77]
[-91, 72, 82, 81]
[91, -72, 86, 85]
[-92, 73, 86, 84, 85, 83]
[92, -73, 82, 80, 79, 81]
[-93, 74, 86]
[93, -74, 82]
[-94, 75, 85]
[94, -75, 81]
[-95, 76, 80, 79]
[95, -76, 84, 83]
********************************************************************************
SAT ENCODING:

PART 3:
	[14]
	[16]
	[17]
	[11]

PART 7:
	[94, 115]
	[89, 116]

PART 8:
	[-20, 208, 117]
	[-39, 209, 117]
	[-208, 209, 117]
	[-39, -208, 117]
	[-58, 210, 117]
	[-209, 210, 117]
	[-58, -209, 117]
	[-77, -210, 117]
	[-21, 211, 118]
	[-40, 212, 118]
	[-211, 212, 118]
	[-40, -213, 118]
	[-59, 214, 118]
	[-212, 214, 118]
	[-59, -215, 118]
	[-78, -216, 118]
	[-22, 217, 119]
	[-41, 218, 119]
	[-217, 218, 119]
	[-41, -219, 119]
	[-60, 220, 119]
	[-218, 220, 119]
	[-60, -221, 119]
	[-79, -222, 119]
	[-23, 223, 120]
	[-42, 224, 120]
	[-223, 224, 120]
	[-42, -223, 120]
	[-61, 225, 120]
	[-224, 225, 120]
	[-61, -224, 120]
	[-80, -225, 120]
	[-24, 226, 121]
	[-43, 227, 121]
	[-226, 227, 121]
	[-43, -228, 121]
	[-62, 229, 121]
	[-227, 229, 121]
	[-62, -230, 121]
	[-81, -231, 121]
	[-25, 232, 122]
	[-44, 233, 122]
	[-232, 233, 122]
	[-44, -232, 122]
	[-63, 234, 122]
	[-233, 234, 122]
	[-63, -233, 122]
	[-82, -234, 122]
	[-26, 235, 123]
	[-45, 236, 123]
	[-235, 236, 123]
	[-45, -235, 123]
	[-64, 237, 123]
	[-236, 237, 123]
	[-64, -236, 123]
	[-83, -237, 123]
	[-27, 238, 124]
	[-46, 239, 124]
	[-238, 239, 124]
	[-46, -240, 124]
	[-65, 241, 124]
	[-239, 241, 124]
	[-65, -242, 124]
	[-84, -243, 124]
	[-28, 244, 125]
	[-47, 245, 125]
	[-244, 245, 125]
	[-47, -244, 125]
	[-66, 246, 125]
	[-245, 246, 125]
	[-66, -245, 125]
	[-85, -246, 125]
	[-29, 247, 126]
	[-48, 248, 126]
	[-247, 248, 126]
	[-48, -249, 126]
	[-67, 250, 126]
	[-248, 250, 126]
	[-67, -251, 126]
	[-86, -252, 126]

PART 6:
	[-30, 11, 27]
	[30, -11, 23]
	[-31, 12, 20]
	[31, -12, 21]
	[-32, 13, 26]
	[32, -13, 22]
	[-33, 14, 21]
	[33, -14, 20]
	[-34, 15, 25, 24]
	[34, -15, 29, 28]
	[-35, 16, 29, 27, 28, 26]
	[35, -16, 25, 23, 22, 24]
	[-36, 17, 29]
	[36, -17, 25]
	[-37, 18, 28]
	[37, -18, 24]
	[-38, 19, 23, 22]
	[38, -19, 27, 26]
********************************************************************************
LAYER 1:

PART 1:
	[-20, 253]
	[-21, 254]
	[-253, 254]
	[-21, -253]
	[-22, 255]
	[-254, 255]
	[-22, -254]
	[-23, 256]
	[-255, 256]
	[-23, -255]
	[-24, 257]
	[-256, 257]
	[-24, -256]
	[-25, 258]
	[-257, 258]
	[-25, -257]
	[-26, 259]
	[-258, 259]
	[-26, -258]
	[-27, 260]
	[-259, 260]
	[-27, -259]
	[-28, 261]
	[-260, 261]
	[-28, -260]
	[-29, -261]

PART 2:
	[30, -30]
	[31, -31]
	[32, -32]
	[33, -33]
	[34, -34]
	[35, -35]
	[36, -36]
	[37, -37]
	[38, -38]

PART 4:
	[-20, 14]
	[-21, 12]
	[-22, 14]
	[-22, 16]
	[-22, 13]
	[-23, 12]
	[-23, 16]
	[-23, 11]
	[-24, 14]
	[-24, 16]
	[-24, 18]
	[-25, 12]
	[-25, 17]
	[-25, 16]
	[-26, 14]
	[-26, 19]
	[-27, 12]
	[-27, 19]
	[-28, 14]
	[-28, 15]
	[-29, 12]
	[-29, 15]

PART 5:
	[-20, 31]
	[-20, -33]
	[-21, 33]
	[-21, -31]
	[-22, -35]
	[-22, 38]
	[-22, -32]
	[-23, -35]
	[-23, 38]
	[-23, -30]
	[-24, -35]
	[-24, 34]
	[-24, -37]
	[-25, -35]
	[-25, 34]
	[-25, -36]
	[-26, -38]
	[-26, 35]
	[-26, 32]
	[-27, -38]
	[-27, 35]
	[-27, 30]
	[-28, 35]
	[-28, 37]
	[-28, -34]
	[-29, 35]
	[-29, 36]
	[-29, -34]

PART 6:
	[-49, 30, 46]
	[49, -30, 42]
	[-50, 31, 39]
	[50, -31, 40]
	[-51, 32, 45]
	[51, -32, 41]
	[-52, 33, 40]
	[52, -33, 39]
	[-53, 34, 44, 43]
	[53, -34, 48, 47]
	[-54, 35, 48, 46, 47, 45]
	[54, -35, 44, 42, 41, 43]
	[-55, 36, 48]
	[55, -36, 44]
	[-56, 37, 47]
	[56, -37, 43]
	[-57, 38, 42, 41]
	[57, -38, 46, 45]
********************************************************************************
********************************************************************************
LAYER 2:

PART 1:
	[-39, 262]
	[-40, 263]
	[-262, 263]
	[-40, -262]
	[-41, 264]
	[-263, 264]
	[-41, -263]
	[-42, 265]
	[-264, 265]
	[-42, -264]
	[-43, 266]
	[-265, 266]
	[-43, -265]
	[-44, 267]
	[-266, 267]
	[-44, -266]
	[-45, 268]
	[-267, 268]
	[-45, -267]
	[-46, 269]
	[-268, 269]
	[-46, -268]
	[-47, 270]
	[-269, 270]
	[-47, -269]
	[-48, -270]

PART 2:
	[49, -49]
	[50, -50]
	[51, -51]
	[52, -52]
	[53, -53]
	[54, -54]
	[55, -55]
	[56, -56]
	[57, -57]

PART 4:
	[-39, 33]
	[-40, 31]
	[-41, 33]
	[-41, 35]
	[-41, 32]
	[-42, 31]
	[-42, 35]
	[-42, 30]
	[-43, 33]
	[-43, 35]
	[-43, 37]
	[-44, 31]
	[-44, 36]
	[-44, 35]
	[-45, 33]
	[-45, 38]
	[-46, 31]
	[-46, 38]
	[-47, 33]
	[-47, 34]
	[-48, 31]
	[-48, 34]

PART 5:
	[-39, 50]
	[-39, -52]
	[-40, 52]
	[-40, -50]
	[-41, -54]
	[-41, 57]
	[-41, -51]
	[-42, -54]
	[-42, 57]
	[-42, -49]
	[-43, -54]
	[-43, 53]
	[-43, -56]
	[-44, -54]
	[-44, 53]
	[-44, -55]
	[-45, -57]
	[-45, 54]
	[-45, 51]
	[-46, -57]
	[-46, 54]
	[-46, 49]
	[-47, 54]
	[-47, 56]
	[-47, -53]
	[-48, 54]
	[-48, 55]
	[-48, -53]

PART 6:
	[-68, 49, 65]
	[68, -49, 61]
	[-69, 50, 58]
	[69, -50, 59]
	[-70, 51, 64]
	[70, -51, 60]
	[-71, 52, 59]
	[71, -52, 58]
	[-72, 53, 63, 62]
	[72, -53, 67, 66]
	[-73, 54, 67, 65, 66, 64]
	[73, -54, 63, 61, 60, 62]
	[-74, 55, 67]
	[74, -55, 63]
	[-75, 56, 66]
	[75, -56, 62]
	[-76, 57, 61, 60]
	[76, -57, 65, 64]
********************************************************************************
********************************************************************************
LAYER 3:

PART 1:
	[-58, 271]
	[-59, 272]
	[-271, 272]
	[-59, -271]
	[-60, 273]
	[-272, 273]
	[-60, -272]
	[-61, 274]
	[-273, 274]
	[-61, -273]
	[-62, 275]
	[-274, 275]
	[-62, -274]
	[-63, 276]
	[-275, 276]
	[-63, -275]
	[-64, 277]
	[-276, 277]
	[-64, -276]
	[-65, 278]
	[-277, 278]
	[-65, -277]
	[-66, 279]
	[-278, 279]
	[-66, -278]
	[-67, -279]

PART 2:
	[68, -68]
	[69, -69]
	[70, -70]
	[71, -71]
	[72, -72]
	[73, -73]
	[74, -74]
	[75, -75]
	[76, -76]

PART 4:
	[-58, 52]
	[-59, 50]
	[-60, 52]
	[-60, 54]
	[-60, 51]
	[-61, 50]
	[-61, 54]
	[-61, 49]
	[-62, 52]
	[-62, 54]
	[-62, 56]
	[-63, 50]
	[-63, 55]
	[-63, 54]
	[-64, 52]
	[-64, 57]
	[-65, 50]
	[-65, 57]
	[-66, 52]
	[-66, 53]
	[-67, 50]
	[-67, 53]

PART 5:
	[-58, 69]
	[-58, -71]
	[-59, 71]
	[-59, -69]
	[-60, -73]
	[-60, 76]
	[-60, -70]
	[-61, -73]
	[-61, 76]
	[-61, -68]
	[-62, -73]
	[-62, 72]
	[-62, -75]
	[-63, -73]
	[-63, 72]
	[-63, -74]
	[-64, -76]
	[-64, 73]
	[-64, 70]
	[-65, -76]
	[-65, 73]
	[-65, 68]
	[-66, 73]
	[-66, 75]
	[-66, -72]
	[-67, 73]
	[-67, 74]
	[-67, -72]

PART 6:
	[-87, 68, 84]
	[87, -68, 80]
	[-88, 69, 77]
	[88, -69, 78]
	[-89, 70, 83]
	[89, -70, 79]
	[-90, 71, 78]
	[90, -71, 77]
	[-91, 72, 82, 81]
	[91, -72, 86, 85]
	[-92, 73, 86, 84, 85, 83]
	[92, -73, 82, 80, 79, 81]
	[-93, 74, 86]
	[93, -74, 82]
	[-94, 75, 85]
	[94, -75, 81]
	[-95, 76, 80, 79]
	[95, -76, 84, 83]
********************************************************************************
********************************************************************************
LAYER 4:

PART 1:
	[-77, 280]
	[-78, 281]
	[-280, 281]
	[-78, -280]
	[-79, 282]
	[-281, 282]
	[-79, -281]
	[-80, 283]
	[-282, 283]
	[-80, -282]
	[-81, 284]
	[-283, 284]
	[-81, -283]
	[-82, 285]
	[-284, 285]
	[-82, -284]
	[-83, 286]
	[-285, 286]
	[-83, -285]
	[-84, 287]
	[-286, 287]
	[-84, -286]
	[-85, 288]
	[-287, 288]
	[-85, -287]
	[-86, -288]

PART 2:
	[87, -87]
	[88, -88]
	[89, -89]
	[90, -90]
	[91, -91]
	[92, -92]
	[93, -93]
	[94, -94]
	[95, -95]

PART 4:
	[-77, 71]
	[-78, 69]
	[-79, 71]
	[-79, 73]
	[-79, 70]
	[-80, 69]
	[-80, 73]
	[-80, 68]
	[-81, 71]
	[-81, 73]
	[-81, 75]
	[-82, 69]
	[-82, 74]
	[-82, 73]
	[-83, 71]
	[-83, 76]
	[-84, 69]
	[-84, 76]
	[-85, 71]
	[-85, 72]
	[-86, 69]
	[-86, 72]

PART 5:
	[-77, 88]
	[-77, -90]
	[-78, 90]
	[-78, -88]
	[-79, -92]
	[-79, 95]
	[-79, -89]
	[-80, -92]
	[-80, 95]
	[-80, -87]
	[-81, -92]
	[-81, 91]
	[-81, -94]
	[-82, -92]
	[-82, 91]
	[-82, -93]
	[-83, -95]
	[-83, 92]
	[-83, 89]
	[-84, -95]
	[-84, 92]
	[-84, 87]
	[-85, 92]
	[-85, 94]
	[-85, -91]
	[-86, 92]
	[-86, 93]
	[-86, -91]
********************************************************************************
********************************************************************************

